60
1 2 8.5
2 3 3.9
2 8 2.4
3 4 2.5
3 5 5.5
4 5 8.8
5 6 6.7
5 12 2.7
6 7 6.8
7 8 5.2
8 9 9.7
8 14 8.7
9 10 7.0
10 11 6.2
11 12 8.8
11 16 2.6
12 13 7.7
13 14 8.8
14 15 8.4
15 16 7.9
16 17 7.4
17 18 6.5
18 19 1.4
19 20 5.9
20 21 9.1
20 24 3.0
21 22 7.5
22 23 7.9
23 24 8.2
24 25 5.9
25 26 8.4
26 27 3.1
27 28 2.3
28 29 7.9
29 30 6.4
30 31 1.7
31 32 6.2
31 36 9.9
32 33 9.6
33 34 7.6
34 35 5.8
34 38 2.7
35 36 5.6
36 37 7.3
36 39 7.6
36 40 5.6
37 38 5.5
38 39 1.2
39 40 7.4
39 41 6.3
40 41 1.3
41 42 2.2
42 43 5.6
43 44 5.8
43 45 8.9
44 45 9.9
45 46 8.2
46 47 3.8
47 48 7.2
48 49 5.3
49 50 1.3
50 51 1.3
51 52 7.1
52 53 1.3
52 57 9.1
53 54 6.5
53 57 9.7
54 55 8.8
55 56 8.7
56 57 4.1
57 58 1.9
57 59 2.9
58 59 2.9
59 60 7.9
